LVL             Number_of_Nodes Multiplier      Window_Size     FP              Strided_FP      Indirect_FP     Constant_Loads  Unknown         Total_Loads     Cont2Load_ratio NPF_Rate        NPF_Growth_Rate Growth_Rate     
3               2449300         18757.9         7.90926         37757.6         37576.6         180.376         2.64217         0.107219        148364          1.78088e-05     0.00477721      4.95064e-10     1.0363e-07      
4               1229435         18757.9         15.8392         38733           37955.6         589.758         529.688         0.261282        297639          0.00177963      0.0152262       1.61866e-09     1.06307e-07     
5               632953          18757.9         31.3191         41388.9         39439.8         1520.97         2961.18         0.740887        590441          0.0050152       0.0367483       4.1745e-09      1.13597e-07     
6               326782          18757.9         61.7412         44450.8         41167           2899.46         6410.63         1.29154         1.16455e+06     0.00550484      0.0652286       7.95793e-09     1.22001e-07     
7               170105          18757.9         118.684         49061.4         44426.7         4331.74         12671.1         3.08763         2.23893e+06     0.00565944      0.0882923       1.1889e-08      1.34655e-07     
8               73609           18757.9         248.917         59241.1         50345.6         8685.98         25069           6.54067         4.69422e+06     0.00534041      0.146621        2.38398e-08     1.62595e-07     
9               36676           18757.9         497.238         65476.1         54605.7         10735.1         38061.5         12.7862         9.36519e+06     0.00406414      0.163955        2.94639e-08     1.79707e-07     
10              28017           18757.9         1.1948e+07      76181.1         60648.7         15515.8         60153.5         15.027          1.20081e+07     0.00500941      0.20367         4.25851e-08     2.09088e-07     
11              15016           18757.9         2.25509e+07     105674          77520.6         28125.7         112557          27.9333         2.26635e+07     0.00496646      0.266155        7.71945e-08     2.90036e-07     
12              7856            18757.9         4.28513e+07     159335          108633          50644.2         210076          57.8207         4.30614e+07     0.00487852      0.317848        1.38999e-07     4.37313e-07     
13              4150            18757.9         8.22807e+07     242971          157816          85045.5         396727          108.982         8.26774e+07     0.00479849      0.350023        2.33418e-07     6.66864e-07     
14              2190            18757.9         1.61192e+08     426549          274435          151890          817921          223.194         1.6201e+08      0.00504858      0.356091        4.16882e-07     1.17072e-06     
15              1126            18757.9         3.20117e+08     664155          430440          233332          1.41492e+06     383.582         3.21532e+08     0.00440056      0.351321        6.40409e-07     1.82286e-06     
16              572             18757.9         6.41612e+08     1.86339e+06     1.22127e+06     641067          4.41289e+06     1051.09         6.46024e+08     0.00683084      0.344032        1.75949e-06     5.11431e-06     
17              284             18757.9         1.27951e+09     1.94118e+06     1.25298e+06     686936          4.76794e+06     1254.93         1.28427e+09     0.00371255      0.353876        1.88538e-06     5.3278e-06      
18              142             18757.9         2.55901e+09     3.71419e+06     2.36793e+06     1.34388e+06     9.53587e+06     2377.76         2.56855e+09     0.00371255      0.361823        3.68845e-06     1.01941e-05     
19              72              18757.9         5.13939e+09     1.53479e+07     9.69222e+06     5.64807e+06     4.11134e+07     7555.99         5.18051e+09     0.00793617      0.368004        1.55018e-05     4.21241e-05     
20              36              18757.9         1.0407e+10      1.71343e+07     1.09578e+07     6.16815e+06     4.62772e+07     8338.3          1.04533e+10     0.00442707      0.359989        1.69293e-05     4.70272e-05     
21              21              18757.9         2.36857e+10     1.14829e+08     7.24835e+07     4.22959e+07     3.09364e+08     49137.8         2.39951e+10     0.0128928       0.36834         0.000116086     0.000315161     
22              8               18757.9         4.08541e+10     1.40215e+06     1.39512e+06     0               6.78332e+06     7034.2          4.08609e+10     0.00016601      0               0               3.84838e-06     
23              4               18757.9         8.17082e+10     2.57921e+06     2.56514e+06     0               1.35666e+07     14068.4         8.17218e+10     0.00016601      0               0               7.07896e-06     
24              2               18757.9         1.63416e+11     4.92394e+06     4.90518e+06     0               2.71333e+07     18757.9         1.63444e+11     0.00016601      0               0               1.35144e-05     
25              2               18757.9         3.45586e+11     3.09261e+08     1.98094e+08     1.11027e+08     8.5928e+08      140707          3.46446e+11     0.00248027      0.359007        0.000304727     0.000848805     
